-1.0000e+01 1.1933e+06
-9.7980e+00 1.7057e+06
-9.5960e+00 9.3662e+05
-9.3939e+00 1.9314e+06
-9.1919e+00 6.9657e+05
-8.9899e+00 -1.3299e+06
-8.7879e+00 2.8335e+06
-8.5859e+00 2.8846e+06
-8.3838e+00 3.7393e+05
-8.1818e+00 3.6712e+05
-7.9798e+00 2.1197e+06
-7.7778e+00 1.9773e+06
-7.5758e+00 -2.1545e+05
-7.3737e+00 -7.1573e+05
-7.1717e+00 1.3698e+06
-6.9697e+00 -2.4645e+05
-6.7677e+00 3.0969e+05
-6.5657e+00 2.1291e+05
-6.3636e+00 4.9379e+05
-6.1616e+00 6.2075e+05
-5.9596e+00 5.7398e+05
-5.7576e+00 6.5109e+05
-5.5556e+00 -2.5189e+05
-5.3535e+00 -8.3145e+04
-5.1515e+00 -6.4405e+04
-4.9495e+00 1.9077e+05
-4.7475e+00 1.1749e+05
-4.5455e+00 -2.7383e+04
-4.3434e+00 1.2732e+05
-4.1414e+00 1.9541e+04
-3.9394e+00 -4.4934e+04
-3.7374e+00 3.4497e+03
-3.5354e+00 -7.6058e+03
-3.3333e+00 -3.1620e+03
-3.1313e+00 1.9795e+04
-2.9293e+00 4.4351e+03
-2.7273e+00 1.2019e+04
-2.5253e+00 2.6967e+03
-2.3232e+00 2.7573e+03
-2.1212e+00 7.2227e+02
-1.9192e+00 7.4400e+02
-1.7172e+00 2.0342e+02
-1.5152e+00 -3.6615e+02
-1.3131e+00 -6.0651e+01
-1.1111e+00 -5.9470e+00
-9.0909e-01 -9.0610e+00
-7.0707e-01 3.5905e+01
-5.0505e-01 -6.7827e+01
-3.0303e-01 3.1985e+01
-1.0101e-01 -5.5196e+01
1.0101e-01 -4.4307e+01
3.0303e-01 -8.2651e+00
5.0505e-01 2.8205e+01
7.0707e-01 1.1276e+00
9.0909e-01 7.0703e+01
1.1111e+00 3.4161e+02
1.3131e+00 1.3384e+02
1.5152e+00 7.0589e+02
1.7172e+00 -1.6803e+03
1.9192e+00 8.7514e+02
2.1212e+00 -4.0646e+03
2.3232e+00 -1.4492e+03
2.5253e+00 1.0665e+03
2.7273e+00 1.1056e+04
2.9293e+00 1.1695e+04
3.1313e+00 -2.6564e+04
3.3333e+00 -1.1436e+04
3.5354e+00 -2.3655e+04
3.7374e+00 -3.1679e+04
3.9394e+00 -6.5641e+03
4.1414e+00 8.0777e+04
4.3434e+00 -6.0452e+04
4.5455e+00 1.6175e+05
4.7475e+00 1.4089e+04
4.9495e+00 1.5488e+04
5.1515e+00 8.2630e+03
5.3535e+00 1.1236e+05
5.5556e+00 2.2081e+05
5.7576e+00 -8.9318e+04
5.9596e+00 6.3974e+04
6.1616e+00 2.7418e+05
6.3636e+00 2.5528e+05
6.5657e+00 -4.2845e+04
6.7677e+00 1.7293e+05
6.9697e+00 5.6628e+05
7.1717e+00 1.6015e+06
7.3737e+00 -7.7669e+05
7.5758e+00 9.7878e+05
7.7778e+00 2.5570e+06
7.9798e+00 1.2909e+06
8.1818e+00 2.1403e+06
8.3838e+00 2.7274e+06
8.5859e+00 3.8566e+06
8.7879e+00 4.1153e+06
8.9899e+00 -1.8828e+06
9.1919e+00 4.3678e+06
9.3939e+00 2.9191e+06
9.5960e+00 7.9286e+06
9.7980e+00 9.2305e+06
1.0000e+01 -1.2090e+06
